[Description]
data/hyperplane1.arff
[Components names]
[0, 1, 2, 3, 4, 5, 6, 7, 8, 9, 10, 11, 12, 13, 14, 15, 16, 17, 18, 19, 20, 21, 22, 23, 24, 25, 26, 27, 28, 29, 30, 31, 32, 33, 34, 35, 36, 37, 38, 39, 40, 41, 42, 43, 44, 45, 46, 47, 48, 49, 50, 51, 52, 53, 54, 55, 56, 57, 58, 59, 60, 61, 62, 63, 64, 65, 66, 67, 68, 69, 70, 71, 72, 73, 74, 75, 76, 77, 78, 79, 80, 81, 82, 83, 84, 85, 86, 87, 88, 89, 90, 91, 92, 93, 94, 95, 96, 97, 98, 99, 100, 101, 102, 103, 104, 105, 106, 107, 108, 109, 110, 111, 112, 113, 114, 115, 116, 117, 118, 119, 120, 121, 122, 123, 124, 125, 126, 127, 128, 129, 130, 131, 132, 133, 134, 135, 136, 137, 138, 139, 140, 141, 142, 143, 144, 145, 146, 147, 148, 149, 150, 151, 152, 153, 154, 155, 156, 157, 158, 159, 160, 161, 162, 163, 164, 165, 166, 167, 168, 169, 170, 171, 172, 173, 174, 175, 176, 177, 178, 179, 180, 181, 182, 183, 184, 185, 186, 187, 188, 189, 190, 191, 192, 193, 194, 195, 196, 197, 198, 199, 200, 201, 202, 203, 204, 205, 206, 207, 208, 209, 210, 211, 212, 213, 214, 215, 216, 217, 218, 219, 220, 221, 222, 223, 224, 225, 226, 227, 228, 229, 230]
[Priors]
[]
[Bugs]
[]
[InitialTests]
[]
[TestDetails]
T0;[0, 1, 71, 97, 105, 109, 117, 118];1
T1;[0, 124, 176, 186, 192, 193, 215, 217, 221, 222, 226];0
T2;[0, 1, 2, 3, 33, 34, 35];0
T3;[0, 124, 125, 126, 140, 148, 152, 154];1
T4;[0, 124, 125, 155, 156, 164, 165, 169];0
T5;[0, 124, 125, 126, 140, 141, 142, 144];0
T6;[0, 1, 2, 48, 49, 50];0
T7;[0, 124, 176, 177, 178, 179];1
T8;[0, 124, 176, 186, 192, 193, 215, 217, 221, 222, 226];0
T9;[0, 1, 71, 97, 105, 109, 117, 119, 120];0
T10;[0, 1, 2, 48, 49, 50];0
T11;[0, 124, 125, 126, 140, 141, 145, 147];1
T12;[0, 124, 125, 155, 156, 157, 158, 159];1
T13;[0, 1, 2, 48, 49, 50];0
T14;[0, 1, 71, 72, 73, 83, 84];1
T15;[0, 124, 176, 186, 192, 193, 215, 217, 221, 222, 226];0
T16;[0, 1, 2, 48, 54, 55, 56, 57];1
T17;[0, 1, 2, 3, 4, 5, 6, 14, 16, 20, 21, 23, 24];0
T18;[0, 124, 125, 126, 127, 128, 129, 130];0
T19;[0, 1, 2, 3, 33, 34, 35];0
T20;[0, 1, 2, 48, 54, 64, 68, 70];1
T21;[0, 1, 2, 48, 49, 50];0
T22;[0, 1, 2, 3, 33, 34, 35];0
T23;[0, 124, 176, 186, 192, 193, 215, 217, 221, 222, 226];0
T24;[0, 1, 71, 72, 73, 83, 85, 86];0
T25;[0, 124, 176, 186, 192, 193, 215, 217, 221, 222, 226];0
T26;[0, 124, 176, 186, 192, 193, 194, 195, 197, 198, 199];0
T27;[0, 1, 2, 48, 54, 64, 68, 70];1
T28;[0, 1, 2, 3, 4, 5, 6, 14, 15];0
T29;[0, 1, 2, 3, 33, 34, 35];0
T30;[0, 124, 176, 186, 192, 193, 215, 217, 221, 222, 226];0
T31;[0, 124, 176, 186, 192, 193, 194, 195, 197, 198, 200];0
T32;[0, 1, 2, 48, 54, 64, 68, 70];1
T33;[0, 1, 71, 97, 105, 109, 117, 119, 120];1
T34;[0, 1, 2, 48, 54, 64, 68, 70];0
T35;[0, 124, 176, 186, 192, 193, 215, 217, 221, 222, 226];1
T36;[0, 1, 71, 72, 73, 83, 85, 87, 88, 89, 90];0
T37;[0, 1, 2, 3, 4, 5, 6, 14, 15];0
T38;[0, 124, 125, 155, 156, 157, 158, 159];1
T39;[0, 124, 176, 186, 192, 193, 215, 217, 221, 222, 226];0
T40;[0, 1, 2, 48, 54, 64, 68, 70];1
T41;[0, 124, 176, 186, 192, 193, 215, 217, 221, 222, 226];0
T42;[0, 1, 71, 72, 73, 83, 85, 87, 88, 89, 90];0
T43;[0, 124, 176, 186, 192, 193, 194, 202, 214];0
T44;[0, 124, 176, 186, 192, 193, 215, 217, 221, 222, 226];0
T45;[0, 124, 125, 155, 156, 157, 158, 159];0
T46;[0, 124, 176, 186, 192, 193, 215, 217, 221, 222, 226];0
T47;[0, 124, 125, 126, 127, 128, 129, 131, 132];0
T48;[0, 124, 176, 177, 178, 179];0
T49;[0, 124, 176, 186, 192, 193, 194, 202, 214];0
T50;[0, 1, 2, 3, 4, 5, 6, 14, 15];0
T51;[0, 124, 176, 177, 178, 179];1
T52;[0, 124, 176, 186, 192, 193, 215, 217, 221, 222, 223, 224];0
T53;[0, 124, 125, 155, 156, 157, 158, 159];1
T54;[0, 124, 176, 186, 192, 193, 194, 202, 203, 209, 211, 213];0
T55;[0, 124, 176, 186, 192, 193, 215, 217, 221, 222, 226];0
T56;[0, 124, 176, 186, 192, 193, 194, 202, 203, 204, 205];0
T57;[0, 1, 71, 97, 105, 109, 117, 119, 120];0
T58;[0, 1, 71, 72, 73, 83, 85, 87, 88, 89, 90];0
T59;[0, 1, 2, 3, 33, 34, 35];0
T60;[0, 124, 176, 186, 192, 193, 194, 202, 203, 204, 205];1
T61;[0, 124, 176, 186, 192, 193, 215, 217, 221, 222, 223, 224];0
T62;[0, 1, 71, 97, 105, 109, 110, 112, 113];0
T63;[0, 124, 176, 186, 192, 193, 215, 217, 221, 222, 226];0
T64;[0, 1, 71, 97, 105, 106, 107];1
T65;[0, 124, 125, 155, 156, 157, 161, 163];0
T66;[0, 1, 2, 48, 49, 50];1
T67;[0, 1, 71, 97, 98, 99];0
T68;[0, 124, 176, 186, 192, 193, 215, 217, 221, 222, 226];0
T69;[0, 124, 176, 177, 181, 182, 183];1
T70;[0, 1, 2, 3, 33, 34, 35];0
T71;[0, 124, 176, 186, 192, 193, 215, 217, 221, 222, 226];0
T72;[0, 1, 2, 3, 33, 34, 36, 37, 38];0
T73;[0, 1, 2, 3, 4, 5, 6, 14, 16, 20, 21, 22];0
T74;[0, 1, 2, 3, 4, 5, 6, 14, 15];0
T75;[0, 124, 176, 186, 192, 193, 194, 202, 203, 209, 211, 213];1
T76;[0, 1, 2, 3, 4, 5, 6, 14, 15];0
T77;[0, 1, 2, 3, 4, 5, 6, 14, 15];0
T78;[0, 1, 2, 3, 33, 34, 35];1
T79;[0, 1, 2, 3, 33, 45, 47];0
T80;[0, 124, 176, 177, 181, 182, 183];0
T81;[0, 1, 71, 97, 105, 109, 117, 119, 121, 122];1
T82;[0, 124, 176, 186, 192, 193, 194, 202, 214];0
T83;[0, 1, 71, 97, 105, 109, 117, 119, 120];1
T84;[0, 124, 176, 177, 181, 185];0
T85;[0, 124, 176, 186, 192, 193, 215, 217, 221, 222, 223, 224];1
T86;[0, 124, 176, 186, 192, 193, 215, 217, 221, 222, 226];0
T87;[0, 1, 2, 48, 54, 64, 68, 70];0
T88;[0, 1, 2, 3, 4, 5, 6, 14, 15];0
T89;[0, 124, 125, 126, 140, 141, 142, 144];1
T90;[0, 124, 125, 126, 127, 128, 129, 130];0
T91;[0, 124, 125, 126, 127, 128, 134, 138];0
T92;[0, 124, 176, 186, 192, 193, 215, 217, 221, 222, 226];0
T93;[0, 124, 176, 186, 192, 193, 215, 217, 221, 222, 226];0
T94;[0, 1, 71, 97, 98, 99];0
T95;[0, 1, 2, 3, 4, 5, 6, 14, 16, 20, 21, 22];1
T96;[0, 1, 2, 3, 33, 34, 35];0
T97;[0, 1, 71, 72, 73, 74, 75, 76];0
T98;[0, 124, 125, 126, 127, 128, 129, 130];0
T99;[0, 1, 71, 97, 105, 109, 117, 119, 120];1
